{
 "cells": [
  {
   "cell_type": "markdown",
   "metadata": {},
   "source": [
    "Numpy&Pandas"
   ]
  },
  {
   "cell_type": "code",
   "execution_count": 21,
   "metadata": {},
   "outputs": [],
   "source": [
    "import numpy as np\n",
    "import pandas as pd"
   ]
  },
  {
   "cell_type": "code",
   "execution_count": 5,
   "metadata": {},
   "outputs": [
    {
     "name": "stdout",
     "output_type": "stream",
     "text": [
      "[ 5 10 15 20]\n",
      "[[ 5 10 15]\n",
      " [20 25 30]\n",
      " [35 40 45]]\n"
     ]
    }
   ],
   "source": [
    "#构造向量和矩阵\n",
    "vector = numpy.array([5, 10, 15, 20])\n",
    "matrix = numpy.array([[5, 10, 15], [20, 25, 30], [35, 40, 45]])\n",
    "print (vector)\n",
    "print (matrix)"
   ]
  },
  {
   "cell_type": "code",
   "execution_count": 6,
   "metadata": {},
   "outputs": [
    {
     "name": "stdout",
     "output_type": "stream",
     "text": [
      "[[20 25]\n",
      " [35 40]]\n"
     ]
    }
   ],
   "source": [
    "#矩阵切片\n",
    "matrix = numpy.array([\n",
    "                    [5, 10, 15], \n",
    "                    [20, 25, 30],\n",
    "                    [35, 40, 45]\n",
    "                 ])\n",
    "print(matrix[1:3,0:2])"
   ]
  },
  {
   "cell_type": "code",
   "execution_count": 8,
   "metadata": {},
   "outputs": [
    {
     "name": "stdout",
     "output_type": "stream",
     "text": [
      "[False  True False]\n",
      "[[ 5 10 15]\n",
      " [20 10 30]\n",
      " [35 40 45]]\n"
     ]
    }
   ],
   "source": [
    "#条件筛选\n",
    "matrix = numpy.array([\n",
    "            [5, 10, 15], \n",
    "            [20, 25, 30],\n",
    "            [35, 40, 45]\n",
    "         ])\n",
    "second_column_25 = matrix[:,1] == 25\n",
    "print (second_column_25)\n",
    "matrix[second_column_25, 1] = 10\n",
    "print (matrix)"
   ]
  },
  {
   "cell_type": "code",
   "execution_count": 11,
   "metadata": {},
   "outputs": [
    {
     "name": "stdout",
     "output_type": "stream",
     "text": [
      "[[1 1]\n",
      " [0 1]]\n",
      "[[2 0]\n",
      " [3 4]]\n",
      "[[2 0]\n",
      " [0 4]]\n",
      "[[5 4]\n",
      " [3 4]]\n",
      "[[5 4]\n",
      " [3 4]]\n"
     ]
    }
   ],
   "source": [
    "#矩阵乘法\n",
    "A = np.array( [[1,1],\n",
    "               [0,1]] )\n",
    "B = np.array( [[2,0],\n",
    "               [3,4]] )\n",
    "print (A)\n",
    "print (B)\n",
    "print (A*B)\n",
    "print (A.dot(B))\n",
    "print (np.dot(A, B)) "
   ]
  },
  {
   "cell_type": "code",
   "execution_count": 12,
   "metadata": {},
   "outputs": [
    {
     "name": "stdout",
     "output_type": "stream",
     "text": [
      "[[0 1 0 1 0 1 0 1]\n",
      " [1 0 1 0 1 0 1 0]\n",
      " [0 1 0 1 0 1 0 1]\n",
      " [1 0 1 0 1 0 1 0]\n",
      " [0 1 0 1 0 1 0 1]\n",
      " [1 0 1 0 1 0 1 0]\n",
      " [0 1 0 1 0 1 0 1]\n",
      " [1 0 1 0 1 0 1 0]]\n"
     ]
    }
   ],
   "source": [
    "# 8*8棋盘矩阵，其中1、3、5、7行&&0、2、4、6列的元素置为1   1 ,3，5，7列&&0,2,4,6行也是1\n",
    "z = np.zeros((8,8),dtype=int)\n",
    "z[1::2,::2] = 1\n",
    "z[::2,1::2] = 1\n",
    "print (z)"
   ]
  },
  {
   "cell_type": "code",
   "execution_count": 14,
   "metadata": {},
   "outputs": [
    {
     "name": "stdout",
     "output_type": "stream",
     "text": [
      "[[2.53701745 6.32441088 4.27908261 9.5399459  9.45851467]\n",
      " [0.62967281 9.28610955 1.41546268 0.26367098 9.42115068]\n",
      " [1.06281355 1.12124388 8.69246063 8.37476577 3.31466275]\n",
      " [6.06726723 8.28284048 9.99266786 5.43277489 3.47624078]\n",
      " [5.86309673 2.72509156 2.80342883 8.68209757 9.0825703 ]]\n",
      "[[0.23 0.62 0.41 0.95 0.95]\n",
      " [0.04 0.93 0.12 0.   0.94]\n",
      " [0.08 0.09 0.87 0.83 0.31]\n",
      " [0.6  0.82 1.   0.53 0.33]\n",
      " [0.58 0.25 0.26 0.87 0.91]]\n"
     ]
    }
   ],
   "source": [
    "#归一化，将矩阵规格化到0～1，即最小的变成0，最大的变成1，最小与最大之间的等比缩放\n",
    "z = 10*np.random.random((5,5))\n",
    "print (z)\n",
    "zmin,zmax = z.min(),z.max()\n",
    "z = (z-zmin)/(zmax-zmin)\n",
    "print (z.round(2))"
   ]
  },
  {
   "cell_type": "code",
   "execution_count": 15,
   "metadata": {},
   "outputs": [
    {
     "name": "stdout",
     "output_type": "stream",
     "text": [
      "[[ 0  1  2  3  4]\n",
      " [ 5  6  7  8  9]\n",
      " [10 11 12 13 14]\n",
      " [15 16 17 18 19]\n",
      " [20 21 22 23 24]]\n",
      "[[ 5  6  7  8  9]\n",
      " [ 0  1  2  3  4]\n",
      " [10 11 12 13 14]\n",
      " [15 16 17 18 19]\n",
      " [20 21 22 23 24]]\n"
     ]
    }
   ],
   "source": [
    "#交换矩阵的其中两行\n",
    "a = np.arange(25).reshape(5,5)\n",
    "print (a)\n",
    "a[[0,1]] = a[[1,0]]\n",
    "print (a)"
   ]
  },
  {
   "cell_type": "code",
   "execution_count": 17,
   "metadata": {},
   "outputs": [
    {
     "name": "stdout",
     "output_type": "stream",
     "text": [
      "5\n"
     ]
    }
   ],
   "source": [
    "#找出数组中与给定值最接近的数\n",
    "z = np.array([[0,1,2,3],[4,5,6,7]])\n",
    "a = 5.1\n",
    "print (np.abs(z-a).argmin())"
   ]
  },
  {
   "cell_type": "code",
   "execution_count": 20,
   "metadata": {},
   "outputs": [
    {
     "name": "stdout",
     "output_type": "stream",
     "text": [
      "[[-1.         -0.77777778 -0.55555556 -0.33333333 -0.11111111  0.11111111\n",
      "   0.33333333  0.55555556  0.77777778  1.        ]\n",
      " [-1.         -0.77777778 -0.55555556 -0.33333333 -0.11111111  0.11111111\n",
      "   0.33333333  0.55555556  0.77777778  1.        ]\n",
      " [-1.         -0.77777778 -0.55555556 -0.33333333 -0.11111111  0.11111111\n",
      "   0.33333333  0.55555556  0.77777778  1.        ]\n",
      " [-1.         -0.77777778 -0.55555556 -0.33333333 -0.11111111  0.11111111\n",
      "   0.33333333  0.55555556  0.77777778  1.        ]\n",
      " [-1.         -0.77777778 -0.55555556 -0.33333333 -0.11111111  0.11111111\n",
      "   0.33333333  0.55555556  0.77777778  1.        ]\n",
      " [-1.         -0.77777778 -0.55555556 -0.33333333 -0.11111111  0.11111111\n",
      "   0.33333333  0.55555556  0.77777778  1.        ]\n",
      " [-1.         -0.77777778 -0.55555556 -0.33333333 -0.11111111  0.11111111\n",
      "   0.33333333  0.55555556  0.77777778  1.        ]\n",
      " [-1.         -0.77777778 -0.55555556 -0.33333333 -0.11111111  0.11111111\n",
      "   0.33333333  0.55555556  0.77777778  1.        ]\n",
      " [-1.         -0.77777778 -0.55555556 -0.33333333 -0.11111111  0.11111111\n",
      "   0.33333333  0.55555556  0.77777778  1.        ]\n",
      " [-1.         -0.77777778 -0.55555556 -0.33333333 -0.11111111  0.11111111\n",
      "   0.33333333  0.55555556  0.77777778  1.        ]]\n",
      "[[-1.         -1.         -1.         -1.         -1.         -1.\n",
      "  -1.         -1.         -1.         -1.        ]\n",
      " [-0.77777778 -0.77777778 -0.77777778 -0.77777778 -0.77777778 -0.77777778\n",
      "  -0.77777778 -0.77777778 -0.77777778 -0.77777778]\n",
      " [-0.55555556 -0.55555556 -0.55555556 -0.55555556 -0.55555556 -0.55555556\n",
      "  -0.55555556 -0.55555556 -0.55555556 -0.55555556]\n",
      " [-0.33333333 -0.33333333 -0.33333333 -0.33333333 -0.33333333 -0.33333333\n",
      "  -0.33333333 -0.33333333 -0.33333333 -0.33333333]\n",
      " [-0.11111111 -0.11111111 -0.11111111 -0.11111111 -0.11111111 -0.11111111\n",
      "  -0.11111111 -0.11111111 -0.11111111 -0.11111111]\n",
      " [ 0.11111111  0.11111111  0.11111111  0.11111111  0.11111111  0.11111111\n",
      "   0.11111111  0.11111111  0.11111111  0.11111111]\n",
      " [ 0.33333333  0.33333333  0.33333333  0.33333333  0.33333333  0.33333333\n",
      "   0.33333333  0.33333333  0.33333333  0.33333333]\n",
      " [ 0.55555556  0.55555556  0.55555556  0.55555556  0.55555556  0.55555556\n",
      "   0.55555556  0.55555556  0.55555556  0.55555556]\n",
      " [ 0.77777778  0.77777778  0.77777778  0.77777778  0.77777778  0.77777778\n",
      "   0.77777778  0.77777778  0.77777778  0.77777778]\n",
      " [ 1.          1.          1.          1.          1.          1.\n",
      "   1.          1.          1.          1.        ]]\n",
      "[[1.41421356 1.26686158 1.1439589  1.05409255 1.0061539  1.0061539\n",
      "  1.05409255 1.1439589  1.26686158 1.41421356]\n",
      " [1.26686158 1.09994388 0.95581392 0.84619701 0.7856742  0.7856742\n",
      "  0.84619701 0.95581392 1.09994388 1.26686158]\n",
      " [1.1439589  0.95581392 0.7856742  0.64788354 0.56655772 0.56655772\n",
      "  0.64788354 0.7856742  0.95581392 1.1439589 ]\n",
      " [1.05409255 0.84619701 0.64788354 0.47140452 0.35136418 0.35136418\n",
      "  0.47140452 0.64788354 0.84619701 1.05409255]\n",
      " [1.0061539  0.7856742  0.56655772 0.35136418 0.15713484 0.15713484\n",
      "  0.35136418 0.56655772 0.7856742  1.0061539 ]\n",
      " [1.0061539  0.7856742  0.56655772 0.35136418 0.15713484 0.15713484\n",
      "  0.35136418 0.56655772 0.7856742  1.0061539 ]\n",
      " [1.05409255 0.84619701 0.64788354 0.47140452 0.35136418 0.35136418\n",
      "  0.47140452 0.64788354 0.84619701 1.05409255]\n",
      " [1.1439589  0.95581392 0.7856742  0.64788354 0.56655772 0.56655772\n",
      "  0.64788354 0.7856742  0.95581392 1.1439589 ]\n",
      " [1.26686158 1.09994388 0.95581392 0.84619701 0.7856742  0.7856742\n",
      "  0.84619701 0.95581392 1.09994388 1.26686158]\n",
      " [1.41421356 1.26686158 1.1439589  1.05409255 1.0061539  1.0061539\n",
      "  1.05409255 1.1439589  1.26686158 1.41421356]]\n",
      "[[0.36787944 0.44822088 0.51979489 0.57375342 0.60279818 0.60279818\n",
      "  0.57375342 0.51979489 0.44822088 0.36787944]\n",
      " [0.44822088 0.54610814 0.63331324 0.69905581 0.73444367 0.73444367\n",
      "  0.69905581 0.63331324 0.54610814 0.44822088]\n",
      " [0.51979489 0.63331324 0.73444367 0.81068432 0.85172308 0.85172308\n",
      "  0.81068432 0.73444367 0.63331324 0.51979489]\n",
      " [0.57375342 0.69905581 0.81068432 0.89483932 0.9401382  0.9401382\n",
      "  0.89483932 0.81068432 0.69905581 0.57375342]\n",
      " [0.60279818 0.73444367 0.85172308 0.9401382  0.98773022 0.98773022\n",
      "  0.9401382  0.85172308 0.73444367 0.60279818]\n",
      " [0.60279818 0.73444367 0.85172308 0.9401382  0.98773022 0.98773022\n",
      "  0.9401382  0.85172308 0.73444367 0.60279818]\n",
      " [0.57375342 0.69905581 0.81068432 0.89483932 0.9401382  0.9401382\n",
      "  0.89483932 0.81068432 0.69905581 0.57375342]\n",
      " [0.51979489 0.63331324 0.73444367 0.81068432 0.85172308 0.85172308\n",
      "  0.81068432 0.73444367 0.63331324 0.51979489]\n",
      " [0.44822088 0.54610814 0.63331324 0.69905581 0.73444367 0.73444367\n",
      "  0.69905581 0.63331324 0.54610814 0.44822088]\n",
      " [0.36787944 0.44822088 0.51979489 0.57375342 0.60279818 0.60279818\n",
      "  0.57375342 0.51979489 0.44822088 0.36787944]]\n"
     ]
    }
   ],
   "source": [
    "#生成二维的高斯矩阵\n",
    "x,y = np.meshgrid(np.linspace(-1,1,10),np.linspace(-1,1,10))\n",
    "print (x)\n",
    "print (y)\n",
    "D = np.sqrt(x**2+y**2)\n",
    "print (D)\n",
    "sigma,mu = 1,0\n",
    "a = np.exp(-(D-mu)**2/(2*sigma**2))\n",
    "print (a)"
   ]
  },
  {
   "cell_type": "code",
   "execution_count": null,
   "metadata": {},
   "outputs": [],
   "source": [
    "# 按某列的值排序\n",
    "food_info.sort_values(\"Sodium_(mg)\", inplace=True, ascending=False)"
   ]
  },
  {
   "cell_type": "code",
   "execution_count": null,
   "metadata": {},
   "outputs": [],
   "source": [
    "# 对每列运行某函数\n",
    "hundredth_row = titanic_survival.apply(hundredth_row)"
   ]
  },
  {
   "cell_type": "code",
   "execution_count": null,
   "metadata": {},
   "outputs": [],
   "source": [
    "# 重设索引\n",
    "sorted_by_index = series_custom.reindex(sorted_index)"
   ]
  },
  {
   "cell_type": "code",
   "execution_count": null,
   "metadata": {},
   "outputs": [],
   "source": [
    "# 过滤值只为float类型\n",
    "float_columns = types[types.values == 'float64'].index\n",
    "float_df = fandango_films[float_columns]"
   ]
  }
 ],
 "metadata": {
  "kernelspec": {
   "display_name": "Python 3",
   "language": "python",
   "name": "python3"
  },
  "language_info": {
   "codemirror_mode": {
    "name": "ipython",
    "version": 3
   },
   "file_extension": ".py",
   "mimetype": "text/x-python",
   "name": "python",
   "nbconvert_exporter": "python",
   "pygments_lexer": "ipython3",
   "version": "3.6.6"
  }
 },
 "nbformat": 4,
 "nbformat_minor": 2
}
